10
A
0001111000
0010000100
0100000010
1000000001
1111111111
1000000001
1000000001
1000000001
1000000001
1000000001
B
1111111110
1000000001
1000000001
1000000010
1111111110
1000000010
1000000001
1000000001
1000000001
1111111110
C
1111111111
1000000000
1000000000
1000000000
1000000000
1000000000
1000000000
1000000000
1000000000
1111111111
D
1111111100
1000000010
1000000001
1000000001
1000000001
1000000001
1000000001
1000000001
1000000010
1111111100
E
1111111111
1000000000
1000000000
1000000000
1111111111
1000000000
1000000000
1000000000
1000000000
1111111111
F
1111111111
1000000000
1000000000
1000000000
1111111111
1000000000
1000000000
1000000000
1000000000
1000000000
G
1111111111
1000000000
1000000000
1000000000
1000000000
1000001111
1000000001
1000000001
1000000001
1111111111
H
1000000001
1000000001
1000000001
1000000001
1111111111
1000000001
1000000001
1000000001
1000000001
1000000001
I
1111111111
0000110000
0000110000
0000110000
0000110000
0000110000
0000110000
0000110000
0000110000
1111111111
J
1111111111
0000010000
0000010000
0000010000
0000010000
0000010000
1000010000
1000010000
1000010000
1111110000
K
1000000001
1000000110
1000011000
1001100000
1110000000
1110000000
1001100000
1000011000
1000000110
1000000001
L
1000000000
1000000000
1000000000
1000000000
1000000000
1000000000
1000000000
1000000000
1000000000
1111111111
M
1110000111
1010000101
1001001001
1000110001
1000110001
1000000001
1000000001
1000000001
1000000001
1000000001
N
1100000001
1010000001
1001000001
1000100001
1000110001
1000110001
1000010001
1000001001
1000000101
1000000011
O
0001111000
0010000100
0100000010
1000000001
1000000001
1000000001
1000000001
0100000010
0010000100
0001111000
P
1111111110
1000000001
1000000001
1000000001
1111111110
1000000000
1000000000
1000000000
1000000000
1000000000
Q
0001111000
0010000100
0100000010
1000000001
1000000001
1000100001
1000010001
0100001010
0010000100
0001111011
R
1111111110
1000000001
1000000001
1000000001
1111111110
1110000000
1001100000
1000011000
1000001100
1000000011
S
1111111111
1000000000
1000000000
1000000000
1111111111
0000000001
0000000001
0000000001
0000000001
1111111111
T
1111111111
0000110000
0000110000
0000110000
0000110000
0000110000
0000110000
0000110000
0000110000
0000110000
U
1000000001
1000000001
1000000001
1000000001
1000000001
1000000001
1000000001
1000000001
0100000010
0011111100
V
1000000001
1000000001
1000000001
1000000001
1000000001
1000000001
0100000010
0010000100
0001001000
0000110000
W
1000000001
1000000001
1000000001
1000000001
1000000001
1000110001
1000110001
1001001001
1010000101
1110000111
1
1000000001
0100000010
0010000100
0001001000
0000110000
0000110000
0001001000
0010000100
0100000010
1000000001
Y
1000000001
0100000010
0010000100
0001001000
0000110000
0000110000
0000110000
0000110000
0000110000
0000110000
Z
1111111111
0000000010
0000000100
0000001000
0000110000
0001000000
0010000000
0100000000
1000000000
1111111111