0001111000001000010001000000101000000001111111111110000000011000000001100000000110000000011000000001
1111111110100000000110000000011000000010111111111010000000101000000001100000000110000000011111111110
1111111111100000000010000000001000000000100000000010000000001000000000100000000010000000001111111111
1111111100100000001010000000011000000001100000000110000000011000000001100000000110000000101111111100
1111111111100000000010000000001000000000111111111110000000001000000000100000000010000000001111111111
1111111111100000000010000000001000000000111111111110000000001000000000100000000010000000001000000000
1111111111100000000010000000001000000000100000000010000011111000000001100000000110000000011111111111
1000000001100000000110000000011000000001111111111110000000011000000001100000000110000000011000000001
1111111111000011000000001100000000110000000011000000001100000000110000000011000000001100001111111111
1111111111000001000000000100000000010000000001000000000100001000010000100001000010000100001111110000
1000000001100000011010000110001001100000111000000011100000001001100000100001100010000001101000000001
1000000000100000000010000000001000000000100000000010000000001000000000100000000010000000001111111111
1110000111101000010110010010011000110001100011000110000000011000000001100000000110000000011000000001
1100000001101000000110010000011000100001100011000110001100011000010001100000100110000001011000000011
0001111000001000010001000000101000000001100000000110000000011000000001010000001000100001000001111000
1111111110100000000110000000011000000001111111111010000000001000000000100000000010000000001000000000
0001111000001000010001000000101000000001100000000110001000011000010001010000101000100001000001111011
1111111110100000000110000000011000000001111111111011100000001001100000100001100010000011001000000011
1111111111100000000010000000001000000000111111111100000000010000000001000000000100000000011111111111
1111111111000011000000001100000000110000000011000000001100000000110000000011000000001100000000110000
1000000001100000000110000000011000000001100000000110000000011000000001100000000101000000100011111100
1000000001100000000110000000011000000001100000000110000000010100000010001000010000010010000000110000
1000000001100000000110000000011000000001100000000110001100011000110001100100100110100001011110000111
1000000001010000001000100001000001001000000011000000001100000001001000001000010001000000101000000001
1000000001010000001000100001000001001000000011000000001100000000110000000011000000001100000000110000
1111111111000000001000000001000000001000000011000000010000000010000000010000000010000000001111111111