77 99 40 65 39 40 26 81 59 50 65 23 92 48 99 93 16 25 48 7 
32 87 65 66 35 88 88 39 21 10 77 35 53 62 17 53 70 88 61 46 
35 8 65 24 40 64 21 74 47 48 52 51 42 34 0 81 26 75 41 41 
61 94 1 96 57 0 15 23 49 11 50 14 84 79 29 17 74 57 13 85 
85 94 10 46 37 43 33 1 47 7 69 23 76 50 85 38 92 19 58 92 
85 77 42 38 50 97 36 79 67 67 41 9 34 81 53 47 11 20 14 0 
85 10 18 10 77 36 19 58 58 85 60 84 61 58 53 58 65 47 59 54 
34 2 45 91 59 11 7 15 6 32 29 50 88 93 50 38 20 75 25 44 
16 68 51 98 41 86 71 5 62 30 23 97 40 34 35 63 16 67 42 85 
41 47 99 44 36 49 82 46 74 86 28 75 21 98 81 39 33 98 51 68 
